#	alphatic	aromatic	postivecharge	negativecharge	uncharge
170032_NDR1	0.3470319634703196	0.1050228310502283	0.1598173515981735	0.0730593607305936	0.3150684931506849
Zea_gi|293337209|ref|NP_001168727.1|	0.371868978805395	0.0674373795761079	0.13872832369942195	0.12138728323699421	0.30057803468208094
Beta_gi|731329466|ref|XP_010675606.1|	0.4260869565217391	0.05217391304347826	0.08695652173913043	0.02608695652173913	0.40869565217391307
154_Tm-2a	0.38095238095238093	0.08710801393728224	0.15911730545876887	0.12195121951219512	0.2508710801393728
Ara_AT4G35375.1	0.25225225225225223	0.06306306306306306	0.2702702702702703	0.18018018018018017	0.23423423423423423
Caa_gi|1026106386|ref|XP_016552198.1|	0.3557692307692308	0.11538461538461539	0.10576923076923077	0.08653846153846154	0.33653846153846156
161456_Rdg2a	0.3944805194805195	0.06493506493506493	0.14285714285714285	0.12987012987012986	0.26785714285714285
Caa_gi|1026089845|ref|XP_016544063.1|	0.23613595706618962	0.044722719141323794	0.26833631484794274	0.14669051878354203	0.3041144901610018
1488_Pi-ta	0.3954741379310345	0.07219827586206896	0.14547413793103448	0.11961206896551724	0.2672413793103448
Gly_gi|1448302922|ref|XP_003550261.2|	0.4178082191780822	0.06164383561643835	0.15753424657534246	0.0958904109589041	0.2671232876712329
170028_Pti1	0.4152542372881356	0.06497175141242938	0.1440677966101695	0.11299435028248588	0.2627118644067797
150961_RPW8.1	0.4391891891891892	0.08108108108108109	0.17567567567567569	0.13513513513513514	0.16891891891891891
150965_RTM2	0.34153005464480873	0.04644808743169399	0.20491803278688525	0.18032786885245902	0.226775956284153
Sol_tub_gi|971564505|ref|XP_015167790.1|	0.3440366972477064	0.0871559633027523	0.1559633027522936	0.12385321100917432	0.2889908256880734
135726_RPG1	0.37995049504950495	0.07054455445544554	0.17326732673267325	0.12376237623762376	0.2524752475247525
149_Rpi-blb2	0.3685872138910813	0.08129439621152329	0.1468034727703236	0.17048145224940806	0.23283346487766376
Ory_Jap_gi|1002244752|ref|XP_015626565.1|	0.3282051282051282	0.02564102564102564	0.18717948717948718	0.1564102564102564	0.30256410256410254
135723_Mlo	0.40150093808630394	0.1050656660412758	0.15384615384615385	0.0825515947467167	0.2570356472795497
Hel_gi|1228841945|ref|XP_021978371.1|	0.3629242819843342	0.09138381201044386	0.1409921671018277	0.1174934725848564	0.28720626631853785
1501_Rps1-k-1	0.36208299430431246	0.07729861676159479	0.15052888527257932	0.12530512611879577	0.2847843775427177
Aeg_gi|1149775077|ref|XP_020151297.1|	0.2857142857142857	0.014285714285714285	0.19285714285714287	0.02857142857142857	0.4785714285714286
Cuc_gi|659126076|ref|XP_008462998.1|	0.2926829268292683	0.054878048780487805	0.21341463414634146	0.07317073170731707	0.36585365853658536
Zea_gi|1314996614|ref|XP_023157149.1|	0.4666666666666667	0.009523809523809525	0.22857142857142856	0.10476190476190476	0.19047619047619047
Caa_gi|1026008754|ref|XP_016556129.1|	0.30707070707070705	0.06464646464646465	0.1191919191919192	0.1414141414141414	0.36767676767676766
Aeg_gi|1149791581|ref|XP_020157245.1|	0.3233082706766917	0.03007518796992481	0.20300751879699247	0.24812030075187969	0.19548872180451127
Aeg_gi|1149822315|ref|XP_020169397.1|	0.42297650130548303	0.0835509138381201	0.09660574412532637	0.1174934725848564	0.2793733681462141
170021_prv	0.3747855917667238	0.0797598627787307	0.14408233276157806	0.13036020583190394	0.27101200686106347
Sol_lyc_gi|1042705533|ref|NP_001316135.1|	0.3568181818181818	0.10909090909090909	0.10227272727272728	0.1	0.33181818181818185
Gly_gi|571457931|ref|XP_006580954.1|	0.41450777202072536	0.08290155440414508	0.17616580310880828	0.08290155440414508	0.24352331606217617
Beta_gi|731373485|ref|XP_010666659.1|	0.3125	0.08552631578947369	0.16447368421052633	0.15789473684210525	0.27960526315789475
Caa_gi|1026023588|ref|XP_016558148.1|	0.5652173913043478	0.05928853754940711	0.07905138339920949	0.09090909090909091	0.20553359683794467
Aeg_gi|1149801485|ref|XP_020161072.1|	0.4199029126213592	0.09223300970873786	0.1262135922330097	0.06553398058252427	0.2961165048543689
Gly_gi|1594705191|ref|NP_001356049.1|	0.3203125	0.11328125	0.14453125	0.09765625	0.32421875
Hel_gi|1228924136|ref|XP_022012342.1|	0.3783783783783784	0.02972972972972973	0.12432432432432433	0.1891891891891892	0.27837837837837837
151_Rx2	0.35607675906183367	0.09594882729211088	0.12366737739872068	0.1439232409381663	0.28038379530916846
161448_Xa26	0.43789664551223934	0.06708975521305531	0.09338168631006347	0.0743427017225748	0.3272892112420671
1498_xa21	0.4273170731707317	0.0624390243902439	0.10634146341463414	0.07902439024390244	0.3248780487804878
Zea_gi|1314997910|ref|XP_023156941.1|	0.45901639344262296	0.10382513661202186	0.08743169398907104	0.09836065573770492	0.25136612021857924
Pha_gi|593263564|ref|XP_007133960.1|	0.3208020050125313	0.06516290726817042	0.10776942355889724	0.10275689223057644	0.40350877192982454
170016_BAK1	0.4113821138211382	0.07154471544715447	0.11869918699186992	0.11869918699186992	0.27967479674796747
Ara_AT3G03440.1	0.40931372549019607	0.014705882352941176	0.1323529411764706	0.11274509803921569	0.33088235294117646
Ara_AT1G79480.1	0.23929471032745592	0.07808564231738035	0.04534005037783375	0.055415617128463476	0.5818639798488665
Ory_Jap_gi|1002295316|ref|XP_015611091.1|	0.4213197969543147	0.05583756345177665	0.18274111675126903	0.15228426395939088	0.18781725888324874
142_Mi1.2	0.3723150357995227	0.08035003977724742	0.1424025457438345	0.16070007955449483	0.24423229912490055
150964_RTM1	0.367816091954023	0.12643678160919541	0.12643678160919541	0.10344827586206896	0.27586206896551724
Hel_gi|1228844072|ref|XP_021978999.1|	0.25735294117647056	0.08088235294117647	0.16911764705882354	0.16911764705882354	0.3235294117647059
Ara_AT3G31925.1	0.38405797101449274	0.10144927536231885	0.12318840579710146	0.10144927536231885	0.2898550724637681
Cuc_gi|659086077|ref|XP_008443753.1|	0.30828025477707005	0.08152866242038216	0.16942675159235668	0.11847133757961784	0.32229299363057323
Caa_gi|1026094081|ref|XP_016546192.1|	0.4189189189189189	0.04054054054054054	0.10810810810810811	0.12837837837837837	0.30405405405405406
170002_Cre3	0.3973941368078176	0.08794788273615635	0.1454940282301846	0.12052117263843648	0.248642779587405
Beta_gi|731377098|ref|XP_010667777.1|	0.28112449799196787	0.06827309236947791	0.19678714859437751	0.14457831325301204	0.3092369477911647
Ara_AT1G64050.1	0.2844311377245509	0.038922155688622756	0.1721556886227545	0.09730538922155689	0.40718562874251496
Ara_AT1G78922.1	0.35585585585585583	0.05855855855855856	0.21171171171171171	0.08558558558558559	0.2882882882882883
Beta_gi|731349998|ref|XP_010686281.1|	0.3293051359516616	0.08459214501510574	0.09969788519637462	0.18429003021148035	0.3021148036253776
Ara_AT1G10100.1	0.35185185185185186	0.05555555555555555	0.13580246913580246	0.17901234567901234	0.2777777777777778
136_Cf-9	0.3638470451911935	0.08227114716106605	0.1100811123986095	0.08458864426419467	0.35921205098493625
Nic_tab_gi|57013971|ref|YP_173443.1|	0.38125	0.1	0.1	0.075	0.34375
Gly_gi|1448303398|ref|XP_025982334.1|	0.42063492063492064	0.05555555555555555	0.15079365079365079	0.07936507936507936	0.29365079365079366
Hel_gi|1228816507|ref|XP_022040818.1|	0.19815668202764977	0.059907834101382486	0.1152073732718894	0.2350230414746544	0.391705069124424
Gly_gi|571461399|ref|XP_006581983.1|	0.3111111111111111	0.0656084656084656	0.13544973544973546	0.1291005291005291	0.35873015873015873
Nic_tab_gi|1025193206|ref|XP_016475663.1|	0.33815028901734107	0.11271676300578035	0.09826589595375723	0.07514450867052024	0.37572254335260113
Ory_Jap_gi|1002251844|ref|XP_015630158.1|	0.2808988764044944	0.07303370786516854	0.16292134831460675	0.12359550561797752	0.3595505617977528
Hel_gi|1228843946|ref|XP_021978967.1|	0.35658914728682173	0.05426356589147287	0.2248062015503876	0.18604651162790697	0.17829457364341086
Zea_gi|226492660|ref|NP_001144916.1|	0.39779005524861877	0.08287292817679558	0.1712707182320442	0.08839779005524862	0.2596685082872928
161440_Pl8	0.3745113369820172	0.07740422204847537	0.13682564503518374	0.13604378420641125	0.2752150117279124
Nic_tab_gi|1025278109|ref|XP_016494759.1|	0.4280442804428044	0.08487084870848709	0.11808118081180811	0.08487084870848709	0.28413284132841327
Beta_gi|731320699|ref|XP_010670953.1|	0.338785046728972	0.09813084112149532	0.18691588785046728	0.10514018691588785	0.27102803738317754
Aeg_gi|1149828016|ref|XP_020171322.1|	0.34291581108829566	0.059548254620123205	0.162217659137577	0.09240246406570841	0.34291581108829566
135724_P2	0.36705685618729095	0.08193979933110368	0.1488294314381271	0.12290969899665552	0.2792642140468227
Hel_gi|1228832112|ref|XP_021974033.1|	0.35903614457831323	0.07951807228915662	0.12771084337349398	0.13012048192771083	0.3036144578313253
Nic_tab_gi|1025224058|ref|XP_016482903.1|	0.4623115577889447	0.1306532663316583	0.10552763819095477	0.08542713567839195	0.21608040201005024
Hel_gi|1228810190|ref|XP_022038004.1|	0.32452830188679244	0.07547169811320754	0.18490566037735848	0.08679245283018867	0.3283018867924528
130_Bs2	0.35911602209944754	0.08508287292817679	0.1569060773480663	0.143646408839779	0.25524861878453037
Beta_gi|731328078|ref|XP_010674853.1|	0.39366786140979687	0.07945041816009558	0.14097968936678615	0.1260454002389486	0.25985663082437277
170025_Pi_Kh	0.3878787878787879	0.05757575757575758	0.11212121212121212	0.13636363636363635	0.30606060606060603
161438_Pm3	0.392226148409894	0.06996466431095406	0.14063604240282684	0.12579505300353358	0.2713780918727915
Beta_gi|1108949027|ref|XP_019106210.1|	0.2336448598130841	0.09813084112149532	0.14018691588785046	0.07009345794392523	0.45794392523364486
Lac_gi|1340477879|ref|XP_023765812.1|	0.30935251798561153	0.04316546762589928	0.22302158273381295	0.1223021582733813	0.302158273381295
170003_Yr10	0.39805825242718446	0.07524271844660194	0.15169902912621358	0.13228155339805825	0.24271844660194175
Zea_gi|670376136|ref|XP_008669297.1|	0.2966101694915254	0.05649717514124294	0.1271186440677966	0.1596045197740113	0.3601694915254237
Beta_gi|731380412|ref|XP_010668718.1|	0.4088050314465409	0.0880503144654088	0.16352201257861634	0.0880503144654088	0.25157232704402516
Beta_gi|9838417|ref|NP_064030.1|	0.3333333333333333	0.07751937984496124	0.18604651162790697	0.09302325581395349	0.31007751937984496
170017_CHS3	0.3465592064476131	0.08245505269683819	0.15623062616243025	0.14383137011779293	0.2709237445753255
Ara_AT2G46360.1	0.28865979381443296	0.030927835051546393	0.29896907216494845	0.20618556701030927	0.17525773195876287
Zea_gi|1162483857|ref|XP_008649662.2|	0.4043321299638989	0.06859205776173286	0.11913357400722022	0.10830324909747292	0.2996389891696751
137_Cf9B	0.3653179190751445	0.08092485549132948	0.11213872832369942	0.08670520231213873	0.35491329479768785
135720_PEPR1	0.40605520926090827	0.06589492430988424	0.10774710596616206	0.0943900267141585	0.3259127337488869
Aeg_gi|1149702678|ref|XP_020168558.1|	0.3700564971751412	0.09322033898305085	0.14689265536723164	0.07909604519774012	0.3107344632768362
Sol_lyc_gi|1104621250|ref|XP_019069336.1|	0.45652173913043476	0.05434782608695652	0.20652173913043478	0.07608695652173914	0.20652173913043478
161461_Serk3A	0.4032520325203252	0.07154471544715447	0.11707317073170732	0.12195121951219512	0.2861788617886179
170022_Rxo1	0.39005524861878454	0.0861878453038674	0.14917127071823205	0.12486187845303867	0.24972375690607734
Sol_lyc_gi|723697949|ref|XP_010320767.1|	0.2679245283018868	0.07547169811320754	0.1320754716981132	0.07169811320754717	0.4528301886792453
